%YAML:1.0
---
K: !!opencv-matrix
   rows: 3
   cols: 3
   dt: d
   data: [ 5.0577836431851847e+02, 0., 3.7372704383348253e+02, 0.,
       5.6938935511007855e+02, 2.7560158253444274e+02, 0., 0., 1. ]
D: !!opencv-matrix
   rows: 1
   cols: 5
   dt: d
   data: [ -1.2014565414766218e+00, 3.9014386599270758e+00,
       2.2197126902526232e-01, -2.9428486906942705e-02,
       -3.1805074911929645e+00 ]
