%YAML:1.0
---
K: !!opencv-matrix
   rows: 3
   cols: 3
   dt: d
   data: [ 3.6955416952902590e+02, 0., 3.6396752027245469e+02, 0.,
       3.6816492623112657e+02, 3.4629129669857383e+02, 0., 0., 1. ]
D: !!opencv-matrix
   rows: 1
   cols: 5
   dt: d
   data: [ -2.9510583016106373e-01, 3.3077485536272366e-01,
       -9.1474580201111495e-03, -1.0612407912341710e-02,
       -2.2266412810874217e-01 ]
